.Random.seed <-
c(403L, 40L, -1611130039L, -251835909L, -1900663350L, -2134613204L, 
1042549551L, -1372925467L, -1395204964L, -1288505102L, 50311533L, 
2090335911L, 1315844302L, 287858216L, 586360363L, -916673463L, 
1943727448L, 1280594950L, -15002143L, 167935859L, 857332706L, 
614429524L, -2095833513L, 140658253L, 1713846756L, 759501770L, 
1733563957L, 1503870095L, -171698794L, 771664192L, -1909709821L, 
-116992479L, -1141194480L, -865980690L, 1068094105L, 1843079979L, 
1592587802L, -672883492L, -125726497L, 520076981L, 570832972L, 
-1137752926L, -1956785155L, 403247351L, -758532578L, 88164568L, 
643578939L, -2076523047L, 1180164968L, -290812266L, -1348917231L, 
-1951233597L, 438482386L, -562955164L, 1632340903L, 1111467261L, 
1813954804L, -1434699814L, -427431131L, 973044287L, 1672495558L, 
927397456L, -2122528141L, -474403183L, 1021130432L, -1156603746L, 
769739881L, 770234523L, 324622762L, -2002894388L, 642788495L, 
1704633541L, 2085692540L, 1710332114L, 865056845L, -832868089L, 
1117766894L, -1670255160L, 89772747L, -1986782423L, -351618184L, 
379830438L, 1643854529L, -941446317L, 466769922L, -1524959948L, 
-1003225417L, 1896358573L, 600961988L, 1173036010L, 458531925L, 
-133137937L, 2086003190L, 1326692128L, 404973795L, -1944961663L, 
1310530544L, -1056374130L, -2886151L, -797694069L, -614648902L, 
216648380L, 733839871L, -900755627L, -1843148692L, -1715159870L, 
-1076472035L, 1365380503L, -1095521026L, 879457976L, -396851045L, 
-1455610119L, 712960072L, -1630086282L, -178782543L, 1906257635L, 
-17007182L, 419685892L, 1679875399L, -834627555L, 1935949460L, 
1873507898L, -918710139L, 1790479711L, -1669175834L, 128228464L, 
-1139916909L, -400091087L, -181315872L, 149725054L, 464852489L, 
1860222523L, -2068701174L, -1119748116L, -892275601L, 1776470949L, 
1905879900L, -570886350L, -113326547L, -1191326489L, 1328799246L, 
-711924760L, 1572093419L, -758716791L, -783247848L, 641588550L, 
2081422241L, -1531660749L, 1163226018L, 2145066644L, -1429406441L, 
-1487951091L, -531760604L, -925982198L, 175324021L, -1527914801L, 
-1115557418L, -1222206080L, 1921979843L, 256684897L, 861768144L, 
1219232046L, -1022695207L, 1286693611L, 1302081370L, 1950128412L, 
-357879777L, -668115851L, 1056246028L, 1702495458L, -721695299L, 
-972670409L, 728320222L, -1371331560L, 28670843L, 1000925977L, 
-2113431640L, -943786154L, -1581469743L, 202550147L, 155979282L, 
-716396124L, 456215911L, 230355645L, 1525559860L, 492857754L, 
1532073445L, 281162111L, -1358538490L, 250036880L, 1515193139L, 
-1711056687L, 1788615296L, -372380834L, -1457571671L, 85220187L, 
176212330L, 842349580L, 195353679L, 376786181L, 1780215228L, 
-904656750L, -194188403L, -1196700729L, 594153646L, 969220360L, 
834109195L, 700221929L, -1148809544L, -735831706L, -1845732863L, 
1799345299L, 1798270786L, 204234996L, -1858282249L, 105174253L, 
-31725692L, 1182357930L, -521814251L, -1963156049L, 2002396598L, 
1672428512L, -238873821L, -1071442879L, -621836496L, 640918862L, 
-1600739399L, 858612171L, -943766918L, 2023308444L, -557927918L, 
1805259648L, -1814223340L, -1076560344L, -836846278L, 364899792L, 
-804374420L, -1778694860L, 1598278290L, -55574688L, 443354956L, 
-420227104L, -492696670L, -1148437592L, 1436805516L, 2074045628L, 
326697330L, -2124703504L, 162224196L, 1578820952L, 1591118394L, 
-695251088L, 727256124L, -1941458156L, 1282291138L, 1262157536L, 
1936075644L, 400409296L, -1105994590L, 622288936L, -1973569268L, 
-182158404L, 1345924402L, -1987878464L, -1149265356L, 2146398152L, 
121384122L, -652529264L, -488467988L, 1638114900L, 839955602L, 
596099872L, 1541087692L, -45832736L, -1506781502L, -1068206040L, 
-1235089748L, 2032898236L, -647258638L, -249123536L, -1097161564L, 
-789255496L, 1084594522L, -1654806128L, -755280004L, 2071693588L, 
750059330L, -1845047552L, 819884988L, 27804496L, -1108218078L, 
-702958264L, -143151604L, -677713828L, 2110451922L, -2046878208L, 
-507715244L, -1407005208L, 88665082L, -1594409776L, 1982847276L, 
-1630161164L, -1777377902L, -170446752L, -852380404L, -241407264L, 
-1777529502L, 1476502184L, 724593228L, -2128333444L, -1036228302L, 
-2021950352L, -293295292L, 1781924312L, 1668113530L, -1672419792L, 
2066539196L, -444722348L, -527081406L, -607319648L, 160224956L, 
-2045129264L, -399037086L, -210196504L, -2134253620L, 1765065468L, 
-454801934L, 222461056L, 49666292L, -117081464L, -773641414L, 
421738320L, -1252083092L, 914540692L, 1726857554L, 2146100960L, 
1783125708L, 980080800L, -179628158L, -1881831704L, -556531988L, 
1090428988L, 344434290L, 1540453488L, 1421531684L, -592795592L, 
-249466854L, -933583152L, 1638046780L, 955096212L, 20793474L, 
780304320L, 1446873404L, 1475372688L, -346890206L, 387610632L, 
1076534412L, -1710500836L, 1851263634L, 872730752L, -1414355948L, 
190609704L, 1065114170L, -1821412144L, -1261054868L, 125398708L, 
-1373288430L, -651393056L, -1547820084L, -2014757408L, -1532296670L, 
119532840L, 1274357004L, -1277960644L, -1918447374L, -437727504L, 
1115483972L, 1800437336L, -1886156230L, 1047015152L, -1179152196L, 
-1423093228L, -994814782L, 424309856L, -480821892L, -1365176112L, 
38519842L, -316744024L, 1386185612L, 1099009468L, 1553366066L, 
-567728320L, 1093199028L, 986818376L, -1680258374L, -1047494896L, 
985242860L, 999556180L, -851677422L, -78645344L, -1374940212L, 
-442191008L, 182764738L, 323245608L, -315238996L, 2107616060L, 
474675058L, -1607526608L, -1298475484L, -2004589512L, 1503985882L, 
-324151920L, 388086524L, -478063724L, 1607358274L, 1649745408L, 
2146584124L, -521811376L, -307833182L, -1244314808L, -1384599028L, 
604256476L, 1098119762L, -1195765632L, 2111720276L, -111516184L, 
1837924090L, -1859990704L, -157455316L, 897911156L, -1754597742L, 
-1319973280L, 1622517388L, -1254230176L, 526490338L, 1585770664L, 
-1143751476L, 714580476L, 1950990258L, -1841124880L, 1117554116L, 
1817090904L, 1782419322L, 1165972912L, 1240896956L, 1987347540L, 
-1621702718L, -1271109856L, 1556118460L, 1518114384L, -532731422L, 
1619432808L, 1254370636L, 633083132L, 908810994L, 210739968L, 
1014855060L, 1279123877L, 392428207L, 1693682536L, -1099008186L, 
1357819635L, 818335829L, 1857915954L, -1048188416L, -1044346135L, 
-364678821L, -1350280276L, -1421256774L, 1285415279L, -613111047L, 
-619371634L, 1362906716L, -1707475763L, -2106604489L, -2033676608L, 
1352006046L, -1912069525L, -1901057555L, -1144416166L, -2127829224L, 
-1050055551L, 1108179507L, -1838577580L, 1518062690L, 208773879L, 
1520012609L, 129924038L, -766605052L, -123852619L, -490645601L, 
357595128L, 2025613782L, -2065829789L, -898276315L, 75756482L, 
1539705008L, -148200231L, 1690395211L, -906026820L, -734325014L, 
1432028959L, -448874583L, 1576534334L, 322086956L, 918730365L, 
-1095083833L, 1219990960L, -90230834L, -278448901L, -1651891363L, 
578840714L, 629388968L, -763373039L, -909792509L, -1571226108L, 
918859314L, 861097607L, -1315700015L, 941151318L, -1754162124L, 
-2128658619L, -723450481L, 547685640L, -1752426714L, -626001965L, 
-967067339L, -268455790L, -725340064L, 1970644425L, -698319621L, 
561918668L, -1888528550L, 262234703L, 1532528409L, -389615314L, 
-1336208580L, 1698052269L, -1450943657L, 1241140896L, 1986512894L, 
-1596698933L, -483516211L, -306617350L, -931065800L, 1918101985L, 
-1119432045L, -1009289036L, -1763579454L, 631525847L, -973717983L, 
503854566L, 2045054180L, 276673557L, 328983615L, -2109903912L, 
-1678803466L, 1470955011L, 1260190021L, 1156717922L, 1324154576L, 
-1063020039L, 299919659L, -2066902372L, 632027338L, 1895166399L, 
-660990711L, 247961118L, 1539197900L, -2023290467L, 2138539047L, 
-913601968L, -1345866002L, 1071730587L, -1038369283L, -1491394326L, 
1384186760L, -2078397135L, 819893667L, -41647708L, 17028178L, 
1101115303L, 2064116721L, -250736842L, -696112172L, -1156169371L, 
1589935471L, 28671912L, 476902662L, -1286046669L, -1671734635L, 
1824189170L, 1998508864L, 847345833L, -1759449829L, 921565932L, 
-193173766L, 49805103L, 80082745L, -1846073010L, -2078713956L, 
727921933L, -1140285577L, -180847744L, 1069134302L, 2027013803L, 
